# ID,label,height,root_density,area,shape_index,linearity,sphericity
   0.00000,   0.00000,  19.73000,   0.00276,  46.98954,   1.64152,   0.70143,   0.01788
   1.00000,   0.00000,   8.47000,   0.00434,  53.22318,   1.86922,   0.22824,   0.05832
   2.00000,   0.00000,  15.57000,   0.00145, 239.90445,   4.01883,   0.36718,   0.15586
   3.00000,   0.00000,  16.47000,   0.00097, 265.78952,   4.28723,   0.59589,   0.15477
   4.00000,   0.00000,   9.75000,   0.00041, 332.97028,   4.87980,   0.19935,   0.04267
   5.00000,   0.00000,  13.58000,   0.00118, 102.33717,   2.63021,   0.13887,   0.04635
   6.00000,   0.00000,   8.33000,   0.00062,  85.87453,   2.36997,   0.58984,   0.03123
   7.00000,   0.00000,  17.41000,   0.00031, 365.96097,   4.82694,   0.33788,   0.44099
   8.00000,   0.00000,  11.57000,   0.00129, 227.85353,   3.97012,   0.34282,   0.28252
   9.00000,   0.00000,  14.16000,   0.00108, 180.44446,   3.25629,   0.71332,   0.15441
  10.00000,   0.00000,  13.56000,   0.00111, 192.89429,   3.51677,   0.10398,   0.22234
  11.00000,   0.00000,  18.11000,   0.00061, 277.18469,   4.48349,   0.37830,   0.18365
  12.00000,   0.00000,   8.54000,   0.00578,  50.15804,   1.82713,   0.36896,   0.13135
  13.00000,   0.00000,  15.49000,   0.00149, 172.55748,   3.39995,   0.85086,   0.11311
  14.00000,   0.00000,   8.39000,   0.00125, 184.25580,   3.53537,   0.09281,   0.05667
  15.00000,   0.00000,  13.16000,   0.00042, 765.83606,   7.11978,   0.51076,   0.38580
  16.00000,   0.00000,  12.85000,   0.00093, 137.01289,   3.09228,   0.12338,   0.05580
  17.00000,   0.00000,   8.72000,   0.00071, 208.93623,   3.64275,   0.13840,   0.02356
  18.00000,   0.00000,   7.56000,   0.00447,  31.18900,   1.37856,   0.26612,   0.09989
  19.00000,   0.00000,  10.64000,   0.00066, 157.60658,   3.30481,   0.05145,   0.23290
  20.00000,   0.00000,  14.74000,   0.00180, 159.40784,   3.24226,   0.51147,   0.17660
  21.00000,   0.00000,  16.21000,   0.00091, 188.95256,   3.48071,   0.23074,   0.03529
  22.00000,   0.00000,  12.54000,   0.00050, 470.96478,   5.41044,   0.30613,   0.07043
  23.00000,   0.00000,  14.21000,   0.00056, 389.76498,   5.05520,   0.06169,   0.03085
  24.00000,   0.00000,  13.73000,   0.00132, 215.41841,   3.80291,   0.26756,   0.20589
  25.00000,   0.00000,  10.28000,   0.00058, 110.51012,   2.74039,   0.43348,   0.03219
  26.00000,   0.00000,  12.06000,   0.00041, 249.50665,   4.32931,   0.19457,   0.09006
  27.00000,   0.00000,  12.44000,   0.00273,  80.21077,   2.35635,   0.34051,   0.08748
  28.00000,   0.00000,  16.87000,   0.00102, 181.70844,   3.55038,   0.22146,   0.29452
  29.00000,   0.00000,   9.75000,   0.00041, 294.14636,   4.37862,   0.58567,   0.06256
  30.00000,   0.00000,  18.71000,   0.00030, 269.60358,   4.28810,   0.57289,   0.13752
  31.00000,   0.00000,  12.08000,   0.00037, 358.45328,   4.96995,   0.26987,   0.08029
  32.00000,   0.00000,   9.80000,   0.00164, 112.81466,   2.63900,   0.42316,   0.07062
  33.00000,   0.00000,  20.88000,   0.00369,  57.98563,   1.95486,   0.06371,   0.25115
  34.00000,   0.00000,  19.61000,   0.00023, 467.45523,   5.61189,   0.69046,   0.12577
  35.00000,   0.00000,  10.89000,   0.00121, 200.04341,   3.67095,   0.00978,   0.22162
  36.00000,   0.00000,  13.81000,   0.00113, 162.12274,   3.45106,   0.72208,   0.21799
  37.00000,   0.00000,  11.15000,   0.00036, 234.70467,   4.05879,   0.23231,   0.10219
  38.00000,   0.00000,  11.09000,   0.00035, 180.44153,   3.46646,   0.40534,   0.10829
  39.00000,   0.00000,  12.35000,   0.00487,  39.70953,   1.58771,   0.46346,   0.03445
  40.00000,   0.00000,  14.22000,   0.00614,  50.67211,   1.76753,   0.25816,   0.25235
  41.00000,   0.00000,  14.44000,   0.00141,  70.52206,   2.12574,   0.32968,   0.03172
  42.00000,   0.00000,  14.30000,   0.00090, 234.41676,   3.79621,   0.75022,   0.20054
  43.00000,   0.00000,  14.85000,   0.00109, 267.97571,   4.31771,   0.60913,   0.23095
  44.00000,   0.00000,  13.72000,   0.00041, 289.01459,   4.46216,   0.08672,   0.65913
  45.00000,   0.00000,  16.29000,   0.00123, 169.69267,   3.40761,   0.69734,   0.15028
  46.00000,   0.00000,  14.45000,   0.00145, 121.09467,   2.60336,   0.21507,   0.31291
  47.00000,   0.00000,  12.55000,   0.00050, 368.82187,   4.78409,   0.18969,   0.04306
  48.00000,   0.00000,  16.14000,   0.00309,  97.99865,   2.48474,   0.59138,   0.13891
  49.00000,   0.00000,  16.86000,   0.00103, 143.38541,   3.01049,   0.39371,   0.25218
  50.00000,   0.00000,  12.30000,   0.00108, 215.28818,   3.77567,   0.46230,   0.16905
  51.00000,   0.00000,  10.53000,   0.00110, 218.13708,   3.89116,   0.71945,   0.16337
  52.00000,   0.00000,  14.08000,   0.00078, 392.70761,   5.21580,   0.17991,   0.07398
  53.00000,   0.00000,   8.83000,   0.00264,  71.70038,   2.22146,   0.28572,   0.11532
  54.00000,   0.00000,  17.84000,   0.00037, 352.29965,   4.93591,   0.12333,   0.02334
  55.00000,   0.00000,  14.47000,   0.00007, 374.58926,   4.99524,   0.48928,   0.24894
  56.00000,   0.00000,   9.91000,   0.00132, 164.58997,   3.19133,   0.10172,   0.03228
  57.00000,   0.00000,  18.67000,   0.00085, 247.32991,   4.14872,   0.51828,   0.19456
  58.00000,   0.00000,   8.58000,   0.00222,  58.97221,   1.92920,   0.46272,   0.09615
  59.00000,   0.00000,  10.82000,   0.00129, 219.53967,   3.84784,   0.20308,   0.02876
  60.00000,   0.00000,  13.26000,   0.00006,3478.11670,  12.24774,   0.66962,   0.08772
  61.00000,   0.00000,   9.92000,   0.00070, 158.35512,   3.25281,   0.22128,   0.54309
  62.00000,   0.00000,   9.90000,   0.00160, 111.88171,   2.75629,   0.32347,   0.50424
  63.00000,   0.00000,   7.54000,   0.00186, 114.87693,   2.78770,   0.56703,   0.03398
  64.00000,   0.00000,  13.44000,   0.00004, 818.74066,   7.24640,   0.40090,   0.39597
  65.00000,   0.00000,   8.08000,   0.00135,  58.76180,   1.96514,   0.17613,   0.03679
  66.00000,   0.00000,  13.29000,   0.00111, 261.61612,   3.83951,   0.41691,   0.17833
  67.00000,   0.00000,  18.99000,   0.00075, 152.89128,   2.89302,   0.12831,   0.03329
  68.00000,   0.00000,  14.67000,   0.00142, 248.82475,   4.11761,   0.45450,   0.27030
  69.00000,   0.00000,  12.24000,   0.00029, 370.51959,   5.10555,   0.31096,   0.05743
  70.00000,   0.00000,  11.89000,   0.00117, 213.33684,   3.72073,   0.78590,   0.19999
  71.00000,   0.00000,   7.42000,   0.00321,  45.14034,   1.65674,   0.69085,   0.02858
  72.00000,   0.00000,   8.27000,   0.00148,  93.72715,   2.42591,   0.22414,   0.05073
  73.00000,   0.00000,  14.89000,   0.00060, 435.18896,   5.05205,   0.12016,   0.04364
  74.00000,   0.00000,  12.57000,   0.00102, 304.26672,   4.45367,   0.19196,   0.05776
  75.00000,   0.00000,  11.55000,   0.00077, 111.81649,   2.67635,   0.43808,   0.10821
  76.00000,   0.00000,  16.51000,   0.00014, 374.31976,   5.02203,   0.47739,   0.12817
  77.00000,   0.00000,  19.63000,   0.00121, 147.73758,   3.14098,   0.61801,   0.15405
  78.00000,   0.00000,  12.12000,   0.00527,  50.74828,   1.83750,   0.72191,   0.05446
  79.00000,   0.00000,   8.10000,   0.00087,  90.46072,   2.37905,   0.16751,   0.06673
  80.00000,   0.00000,  11.90000,   0.00117, 178.66815,   3.54981,   0.43870,   0.30604
  81.00000,   0.00000,   9.11000,   0.00324, 122.06044,   2.84516,   0.25338,   0.07217
  82.00000,   0.00000,  11.19000,   0.00126, 210.98706,   3.61164,   0.43081,   0.39906
  83.00000,   0.00000,  14.80000,   0.00079, 223.98956,   3.88675,   0.13145,   0.36924
  84.00000,   0.00000,  12.11000,   0.00032, 242.06973,   4.25963,   0.43416,   0.12680
  85.00000,   0.00000,  12.25000,   0.00156, 144.97005,   3.07678,   0.46844,   0.17672
  86.00000,   0.00000,  12.10000,   0.00076, 232.11243,   4.17067,   0.49685,   0.10787
  87.00000,   0.00000,  12.59000,   0.00180, 173.41170,   3.42084,   0.23723,   0.05152
  88.00000,   0.00000,  11.60000,   0.00044, 313.23380,   4.58247,   0.24837,   0.41458
  89.00000,   0.00000,  11.40000,   0.00236,  89.37711,   2.49257,   0.29175,   0.29953
  90.00000,   0.00000,   9.77000,   0.00044, 181.55719,   3.49830,   0.20524,   0.04053
  91.00000,   0.00000,  20.09000,   0.00121, 164.24080,   3.27532,   0.12496,   0.60458
  92.00000,   0.00000,  19.53000,   0.00037, 287.62842,   4.29698,   0.38528,   0.22495
  93.00000,   0.00000,  11.65000,   0.00244, 110.27412,   2.63285,   0.59639,   0.00721
  94.00000,   0.00000,   7.23000,   0.00188,  54.43378,   1.81233,   0.51645,   0.10397
  95.00000,   0.00000,  14.75000,   0.00065, 238.02341,   3.92134,   0.08497,   0.17208
  96.00000,   0.00000,  14.82000,   0.00047, 223.76207,   3.95400,   0.19356,   0.07052
  97.00000,   0.00000,  20.79000,   0.00214, 163.75883,   3.23781,   0.21560,   0.08119
  98.00000,   0.00000,  12.49000,   0.00046, 450.63507,   5.35444,   0.22992,   0.07153
  99.00000,   0.00000,  13.01000,   0.00136, 162.83449,   3.24592,   0.83059,   0.08672
 100.00000,   1.00000,  14.29000,   0.01333,   8.86494,   0.71804,   0.69206,   0.02527
 101.00000,   1.00000,  12.48000,   0.00938,  10.28288,   0.78036,   0.43581,   0.03631
 102.00000,   1.00000,  14.71000,   0.00748,  11.17347,   0.81729,   0.38178,   0.07423
 103.00000,   1.00000,   8.52000,   0.01266,   9.25116,   0.75408,   0.32285,   0.02865
 104.00000,   1.00000,   5.31000,   0.00888,  12.52937,   0.80291,   0.15654,   0.24242
 105.00000,   1.00000,  13.24000,   0.00968,   9.09471,   0.74928,   0.20666,   0.04242
 106.00000,   1.00000,   7.73000,   0.01250,   8.19102,   0.64723,   0.70844,   0.02073
 107.00000,   1.00000,   5.83000,   0.00595,   8.39160,   0.72759,   0.37018,   0.05010
 108.00000,   1.00000,   5.93000,   0.02618,   6.29159,   0.61850,   0.57513,   0.03082
 109.00000,   1.00000,   6.96000,   0.00746,   7.17418,   0.65813,   0.14414,   0.03920
 110.00000,   1.00000,   8.04000,   0.00586,  14.89493,   0.91949,   0.59337,   0.13581
 111.00000,   1.00000,   8.13000,   0.01355,  10.33004,   0.78798,   0.37367,   0.03316
 112.00000,   1.00000,   6.47000,   0.01786,   8.30412,   0.67414,   0.71602,   0.04479
 113.00000,   1.00000,   6.66000,   0.00683,   9.62433,   0.77411,   0.48948,   0.01516
 114.00000,   1.00000,   7.11000,   0.00723,  13.89010,   0.91070,   0.35890,   0.11673
 115.00000,   1.00000,  13.19000,   0.01761,   8.17458,   0.68136,   0.53582,   0.04320
 116.00000,   1.00000,   5.80000,   0.01653,   5.60289,   0.59631,   0.42900,   0.18990
 117.00000,   1.00000,   9.05000,   0.01014,   8.62659,   0.70625,   0.08752,   0.03225
 118.00000,   1.00000,   5.60000,   0.02312,   6.61419,   0.61564,   0.68526,   0.03163
 119.00000,   1.00000,   7.39000,   0.00633,   8.18475,   0.67432,   0.67248,   0.02397
 120.00000,   1.00000,  13.78000,   0.01282,   7.13160,   0.67450,   0.63055,   0.03586
 121.00000,   1.00000,   9.40000,   0.03145,   7.61163,   0.64956,   0.62845,   0.03332
 122.00000,   1.00000,  11.39000,   0.03012,   8.59353,   0.74334,   0.55626,   0.05951
 123.00000,   1.00000,   7.83000,   0.02349,   8.72217,   0.71796,   0.75381,   0.02146
 124.00000,   1.00000,   6.60000,   0.00802,  12.87499,   0.85449,   0.47284,   0.18064
 125.00000,   1.00000,  11.46000,   0.01866,   7.79772,   0.69409,   0.57086,   0.02676
 126.00000,   1.00000,   9.37000,   0.01812,   8.00998,   0.71071,   0.06488,   0.17907
 127.00000,   1.00000,   8.59000,   0.00667,  14.68989,   0.94764,   0.40923,   0.04945
 128.00000,   1.00000,  14.24000,   0.00699,   6.81889,   0.64698,   0.66326,   0.02299
 129.00000,   1.00000,   7.71000,   0.01415,  10.78225,   0.78839,   0.50806,   0.05523
 130.00000,   1.00000,   6.09000,   0.00311,   8.81977,   0.73987,   0.46397,   0.05801
 131.00000,   1.00000,   5.82000,   0.00857,   9.88334,   0.77274,   0.61629,   0.02988
 132.00000,   1.00000,   6.55000,   0.00898,   8.95834,   0.73332,   0.52413,   0.05696
 133.00000,   1.00000,  13.42000,   0.00990,  10.94272,   0.80483,   0.25132,   0.09221
 134.00000,   1.00000,   6.01000,   0.01748,  10.03240,   0.77443,   0.29544,   0.05763
 135.00000,   1.00000,  13.75000,   0.01980,  10.76440,   0.80042,   0.55919,   0.06209
 136.00000,   1.00000,   7.29000,   0.00524,   8.88224,   0.72375,   0.57994,   0.03757
 137.00000,   1.00000,   5.04000,   0.02256,   7.10742,   0.65955,   0.69310,   0.04868
 138.00000,   1.00000,   6.58000,   0.01531,   6.20334,   0.57449,   0.67311,   0.09805
 139.00000,   1.00000,   9.58000,   0.01423,   8.52955,   0.72350,   0.40535,   0.04338
 140.00000,   1.00000,   6.09000,   0.00571,   9.24194,   0.75869,   0.52827,   0.04748
 141.00000,   1.00000,   8.03000,   0.02797,   7.37130,   0.66436,   0.68740,   0.03320
 142.00000,   1.00000,   5.97000,   0.01961,   8.00279,   0.66640,   0.63292,   0.04901
 143.00000,   1.00000,   6.12000,   0.01342,   8.74345,   0.72874,   0.15595,   0.04986
 144.00000,   1.00000,   7.38000,   0.01695,   9.68236,   0.77155,   0.03128,   0.07834
 145.00000,   1.00000,   7.54000,   0.01840,   6.68329,   0.62111,   0.73872,   0.02873
 146.00000,   1.00000,   6.28000,   0.01550,   7.35991,   0.66326,   0.69289,   0.05049
 147.00000,   1.00000,  13.74000,   0.02020,  10.05250,   0.79456,   0.32458,   0.01380
 148.00000,   1.00000,  13.49000,   0.01520,   8.66794,   0.74486,   0.41794,   0.05678
 149.00000,   1.00000,   6.45000,   0.01869,   8.29900,   0.70390,   0.68884,   0.03678
 150.00000,   1.00000,   6.08000,   0.00971,   8.90249,   0.71876,   0.16877,   0.04941
 151.00000,   1.00000,   6.24000,   0.01099,   8.84955,   0.73964,   0.51425,   0.06119
 152.00000,   1.00000,   8.49000,   0.00723,  14.82450,   0.93323,   0.27397,   0.09621
 153.00000,   1.00000,  11.05000,   0.01515,   6.47625,   0.59577,   0.86257,   0.02662
 154.00000,   1.00000,   6.23000,   0.01887,   5.96297,   0.61226,   0.76892,   0.01440
 155.00000,   1.00000,  10.03000,   0.00625,   9.00344,   0.70471,   0.65022,   0.02830
 156.00000,   1.00000,  14.68000,   0.01003,  13.04421,   0.83991,   0.48642,   0.10033
 157.00000,   1.00000,   7.47000,   0.01929,   9.26575,   0.75253,   0.33721,   0.03857
 158.00000,   1.00000,   9.34000,   0.00993,   7.98480,   0.68887,   0.33384,   0.04359
 159.00000,   1.00000,   7.00000,   0.02190,   6.55110,   0.59182,   0.81440,   0.01506
 160.00000,   1.00000,   7.16000,   0.01571,   8.07495,   0.67853,   0.53502,   0.03052
 161.00000,   1.00000,   6.34000,   0.01597,   9.32291,   0.74616,   0.39785,   0.03805
 162.00000,   1.00000,   7.40000,   0.01109,  13.16259,   0.83750,   0.30522,   0.06266
 163.00000,   1.00000,   6.40000,   0.00943,   3.44042,   0.48160,   0.67877,   0.00962
 164.00000,   1.00000,   5.92000,   0.00549,  11.07593,   0.82109,   0.08926,   0.05823
 165.00000,   1.00000,  12.21000,   0.02985,   7.86262,   0.66368,   0.83127,   0.02300
 166.00000,   1.00000,   5.89000,   0.01130,   8.97563,   0.73534,   0.66714,   0.01320
 167.00000,   1.00000,   5.58000,   0.01408,   7.38482,   0.64720,   0.70372,   0.02773
 168.00000,   1.00000,   6.30000,   0.01295,  11.67682,   0.81086,   0.45262,   0.03140
 169.00000,   1.00000,   7.82000,   0.00552,   9.97085,   0.77520,   0.29192,   0.02769
 170.00000,   1.00000,   8.24000,   0.00755,   7.79099,   0.68924,   0.24195,   0.04154
 171.00000,   1.00000,   8.16000,   0.02007,  10.03469,   0.77194,   0.46269,   0.07472
 172.00000,   1.00000,  11.43000,   0.01596,   7.44543,   0.62733,   0.62648,   0.02584
 173.00000,   1.00000,   6.73000,   0.00727,   7.71157,   0.68925,   0.48120,   0.04296
 174.00000,   1.00000,  13.42000,   0.01429,   7.38714,   0.67673,   0.62456,   0.05158
 175.00000,   1.00000,   5.70000,   0.02703,   6.04230,   0.56036,   0.85234,   0.03826
 176.00000,   1.00000,   9.68000,   0.00896,  11.13019,   0.82374,   0.40367,   0.09554
 177.00000,   1.00000,   6.16000,   0.00730,   9.19187,   0.74231,   0.36288,   0.02481
 178.00000,   1.00000,   9.35000,   0.02532,   7.55716,   0.67118,   0.66617,   0.03150
 179.00000,   1.00000,   6.12000,   0.01149,   7.92737,   0.69053,   0.18391,   0.02090
 180.00000,   1.00000,   5.98000,   0.02027,   7.44340,   0.68287,   0.54745,   0.08962
 181.00000,   1.00000,   8.03000,   0.00785,  11.50012,   0.83120,   0.07403,   0.08723
 182.00000,   1.00000,   6.59000,   0.00292,   9.18636,   0.75190,   0.38547,   0.05852
 183.00000,   1.00000,   9.82000,   0.00806,  10.47317,   0.75919,   0.31975,   0.07810
 184.00000,   1.00000,   8.20000,   0.00285,  11.10201,   0.77506,   0.31168,   0.02420
 185.00000,   1.00000,   5.97000,   0.00815,  13.31413,   0.87027,   0.11236,   0.06887
 186.00000,   1.00000,   9.97000,   0.01471,   8.43776,   0.69141,   0.37893,   0.01117
 187.00000,   1.00000,  10.05000,   0.01597,  10.71248,   0.74172,   0.49014,   0.09893
 188.00000,   1.00000,   9.98000,   0.01240,  10.70871,   0.73716,   0.57146,   0.17344
 189.00000,   1.00000,   8.89000,   0.02041,  11.29787,   0.80441,   0.55653,   0.07130
 190.00000,   1.00000,   6.58000,   0.00651,   8.93464,   0.73631,   0.20130,   0.04959
 191.00000,   1.00000,  14.46000,   0.00676,   8.59181,   0.69134,   0.55128,   0.01287
 192.00000,   1.00000,   5.07000,   0.01894,   8.67410,   0.75889,   0.17881,   0.06904
 193.00000,   1.00000,   5.48000,   0.00613,   8.18776,   0.70800,   0.69031,   0.02567
 194.00000,   1.00000,   8.20000,   0.00255,  12.28750,   0.83575,   0.42421,   0.02082
 195.00000,   1.00000,   8.42000,   0.00990,   5.40282,   0.56708,   0.83468,   0.04674
 196.00000,   1.00000,   5.83000,   0.01724,   8.93780,   0.75811,   0.55657,   0.04841
 197.00000,   1.00000,   5.64000,   0.01899,   9.20600,   0.74969,   0.22162,   0.03655
 198.00000,   1.00000,   7.90000,   0.01429,   8.04453,   0.70796,   0.36848,   0.04428
 199.00000,   1.00000,  14.23000,   0.01463,  10.00127,   0.77768,   0.33061,   0.06442
 200.00000,   2.00000,   5.64000,   0.01478,  13.04739,   0.53045,   0.94468,   0.03781
 201.00000,   2.00000,   7.82000,   0.00504, 277.54947,   3.63619,   0.81397,   0.06601
 202.00000,   2.00000,   8.99000,   0.01163,  21.95217,   0.53693,   0.95634,   0.00425
 203.00000,   2.00000,   7.30000,   0.02632,  14.53158,   0.53761,   0.92981,   0.00784
 204.00000,   2.00000,   7.50000,   0.00375,1275.06934,   8.45624,   0.95376,   0.00317
 205.00000,   2.00000,   8.97000,   0.03738,   5.97937,   0.34859,   0.98880,   0.00194
 206.00000,   2.00000,   6.59000,   0.02027,   4.63516,   0.25238,   0.97706,   0.00745
 207.00000,   2.00000,   8.17000,   0.00907,  51.38210,   0.96736,   0.97380,   0.01096
 208.00000,   2.00000,   4.15000,   0.00844, 217.65511,   2.89222,   0.94880,   0.03767
 209.00000,   2.00000,   7.10000,   0.00468,  27.33938,   0.44245,   0.63265,   0.01657
 210.00000,   2.00000,   8.13000,   0.00486,  77.63789,   1.09075,   0.89602,   0.01775
 211.00000,   2.00000,   6.63000,   0.04348,   3.91519,   0.24720,   0.97225,   0.00651
 212.00000,   2.00000,   8.19000,   0.02885,   7.11577,   0.30885,   0.96428,   0.01040
 213.00000,   2.00000,   9.45000,   0.00333,1887.22937,   9.22680,   0.94942,   0.00744
 214.00000,   2.00000,   5.21000,   0.02000,   6.14695,   0.20865,   0.97832,   0.00291
 215.00000,   2.00000,   8.84000,   0.00418, 938.87531,   6.87476,   0.77770,   0.11616
 216.00000,   2.00000,   5.39000,   0.00444, 676.19897,   6.44197,   0.40831,   0.13969
 217.00000,   2.00000,  10.21000,   0.00529, 103.30141,   1.75874,   0.81274,   0.10389
 218.00000,   2.00000,   7.30000,   0.00800,  13.05397,   0.31364,   0.97907,   0.00298
 219.00000,   2.00000,   7.64000,   0.03846,   4.00395,   0.32837,   0.95504,   0.02627
 220.00000,   2.00000,   4.30000,   0.00564, 985.69141,   7.81651,   0.98710,   0.00576
 221.00000,   2.00000,   6.89000,   0.02067,  27.02599,   0.80889,   0.93040,   0.03353
 222.00000,   2.00000,   7.49000,   0.01091,  10.49598,   0.38829,   0.90332,   0.01017
 223.00000,   2.00000,   7.86000,   0.01361,  18.68611,   0.68705,   0.99084,   0.00550
 224.00000,   2.00000,   8.38000,   0.00206, 647.78528,   5.70838,   0.97393,   0.00724
 225.00000,   2.00000,   5.54000,   0.01172,  23.48526,   0.58532,   0.98587,   0.01204
 226.00000,   2.00000,   7.12000,   0.00129, 751.64935,   6.57045,   0.89429,   0.01519
 227.00000,   2.00000,   6.41000,   0.00467,  89.33231,   1.72072,   0.96065,   0.02952
 228.00000,   2.00000,   5.69000,   0.02357,  30.39240,   0.96343,   0.96495,   0.01138
 229.00000,   2.00000,   3.66000,   0.02284, 139.10838,   2.60564,   0.67165,   0.10501
 230.00000,   2.00000,   7.82000,   0.01453,  17.41073,   0.33879,   0.91475,   0.01276
 231.00000,   2.00000,   4.90000,   0.05882,   6.48463,   0.57840,   0.75491,   0.07902
 232.00000,   2.00000,   7.34000,   0.00743, 138.20512,   2.21590,   0.95162,   0.00884
 233.00000,   2.00000,   4.91000,   0.01210, 145.16951,   2.63496,   0.92583,   0.00720
 234.00000,   2.00000,   8.53000,   0.00355, 770.63812,   6.65814,   0.77719,   0.12276
 235.00000,   2.00000,   6.69000,   0.01025, 110.72543,   2.04827,   0.91292,   0.03807
 236.00000,   2.00000,   7.84000,   0.02167,  14.84627,   0.43972,   0.96524,   0.00974
 237.00000,   2.00000,   4.45000,   0.02703,  12.91195,   0.82212,   0.73784,   0.04635
 238.00000,   2.00000,   4.00000,   0.03101,   3.83930,   0.27266,   0.96530,   0.00787
 239.00000,   2.00000,   4.54000,   0.02888,  30.40672,   1.03502,   0.96053,   0.00858
 240.00000,   2.00000,   9.08000,   0.01838,  54.10516,   0.92328,   0.93319,   0.01114
 241.00000,   2.00000,   5.40000,   0.03797,  28.20844,   0.97845,   0.96651,   0.02326
 242.00000,   2.00000,   7.68000,   0.03378,  10.27328,   0.45431,   0.97061,   0.00841
 243.00000,   2.00000,   4.17000,   0.06250,   3.65116,   0.29595,   0.95593,   0.00975
 244.00000,   2.00000,   6.33000,   0.01065,  28.06772,   0.43663,   0.97937,   0.00805
 245.00000,   2.00000,   8.53000,   0.00676, 386.32404,   4.83828,   0.92766,   0.02101
 246.00000,   2.00000,   6.13000,   0.00295, 349.94092,   4.32290,   0.62236,   0.09836
 247.00000,   2.00000,   7.86000,   0.00151,2854.74097,   8.14147,   0.96420,   0.00950
 248.00000,   2.00000,   5.23000,   0.00171,1536.53052,   9.04036,   0.81527,   0.13367
 249.00000,   2.00000,   5.65000,   0.00327,  51.84994,   1.12996,   0.68248,   0.03146
 250.00000,   2.00000,   4.25000,   0.01688,  78.56157,   1.88688,   0.89751,   0.00104
 251.00000,   2.00000,   9.90000,   0.00272, 633.66119,   6.13176,   0.82778,   0.06065
 252.00000,   2.00000,   6.85000,   0.00265,1212.65186,   8.19419,   0.90969,   0.00766
 253.00000,   2.00000,   7.82000,   0.02115,  13.05749,   0.42232,   0.55005,   0.05277
 254.00000,   2.00000,   6.05000,   0.02198,   7.37954,   0.35637,   0.98054,   0.01162
 255.00000,   2.00000,   6.38000,   0.03756,  10.70221,   0.43217,   0.97832,   0.01345
 256.00000,   2.00000,   3.15000,   0.00787, 145.70134,   2.24859,   0.93881,   0.00595
 257.00000,   2.00000,   8.26000,   0.00447, 511.30219,   4.81660,   0.76324,   0.07000
 258.00000,   2.00000,   7.60000,   0.00661,  14.87010,   0.31587,   0.63510,   0.01385
 259.00000,   2.00000,   6.24000,   0.00738,  10.47180,   0.27691,   0.90433,   0.01487
 260.00000,   2.00000,   6.26000,   0.01465,  56.09475,   1.22136,   0.81605,   0.01717
 261.00000,   2.00000,   6.76000,   0.00116, 778.46948,   6.14470,   0.20215,   0.23496
 262.00000,   2.00000,   7.19000,   0.01923,  29.69667,   0.86973,   0.82305,   0.09226
 263.00000,   2.00000,   5.35000,   0.01630,  10.63810,   0.55334,   0.94574,   0.01480
 264.00000,   2.00000,   7.14000,   0.00531,  22.49313,   0.54471,   0.91878,   0.00770
 265.00000,   2.00000,   4.86000,   0.00507, 330.59219,   3.08024,   0.98415,   0.00185
 266.00000,   2.00000,   5.50000,   0.00111, 624.81567,   5.57691,   0.97639,   0.00730
 267.00000,   2.00000,   6.19000,   0.00612,  92.40558,   1.91239,   0.81891,   0.03170
 268.00000,   2.00000,   5.61000,   0.03409,   5.46819,   0.31535,   0.96084,   0.01130
 269.00000,   2.00000,   7.36000,   0.02488,   9.63763,   0.60051,   0.76785,   0.16904
 270.00000,   2.00000,   7.35000,   0.01690,  45.93197,   1.05847,   0.97022,   0.00735
 271.00000,   2.00000,   5.81000,   0.01067,  16.60753,   0.56122,   0.84790,   0.01892
 272.00000,   2.00000,   7.88000,   0.03318,  15.53287,   0.92643,   0.46275,   0.03071
 273.00000,   2.00000,   6.03000,   0.00177, 101.76958,   1.92701,   0.98978,   0.00240
 274.00000,   2.00000,   4.87000,   0.02273,   8.93452,   0.27705,   0.99231,   0.00165
 275.00000,   2.00000,   6.38000,   0.00829, 143.05705,   2.51149,   0.89770,   0.01624
 276.00000,   2.00000,   7.03000,   0.02692,  22.33552,   0.70559,   0.91623,   0.03805
 277.00000,   2.00000,   7.24000,   0.01918,  19.85199,   0.59623,   0.95315,   0.01367
 278.00000,   2.00000,   4.32000,   0.00605,  87.11785,   1.43495,   0.97833,   0.00329
 279.00000,   2.00000,   5.09000,   0.01290, 106.37486,   2.33816,   0.97678,   0.00478
 280.00000,   2.00000,   7.57000,   0.02555,  33.94061,   1.27855,   0.68611,   0.04478
 281.00000,   2.00000,   7.13000,   0.01308,  28.78128,   0.49261,   0.92579,   0.00582
 282.00000,   2.00000,   6.87000,   0.03089,  37.61879,   1.09252,   0.83327,   0.03067
 283.00000,   2.00000,   3.89000,   0.03419,  10.16894,   0.35955,   0.96805,   0.01165
 284.00000,   2.00000,   4.95000,   0.00220, 307.30862,   3.94123,   0.75609,   0.01108
 285.00000,   2.00000,   6.42000,   0.00447, 402.74103,   4.71836,   0.55543,   0.03324
 286.00000,   2.00000,   8.26000,   0.00388, 923.91357,   7.04736,   0.25676,   0.22183
 287.00000,   2.00000,   8.54000,   0.05333,  12.82781,   0.60790,   0.73644,   0.10432
 288.00000,   2.00000,   8.45000,   0.00258,1066.46216,   6.49829,   0.94474,   0.00890
 289.00000,   2.00000,   8.52000,   0.00184,1847.14307,   9.81968,   0.88544,   0.01021
 290.00000,   2.00000,   8.82000,   0.01235,  34.37305,   0.52592,   0.82560,   0.11279
 291.00000,   2.00000,   4.58000,   0.01087,  23.90675,   0.35433,   0.67751,   0.01689
 292.00000,   2.00000,   8.20000,   0.02469,   4.04239,   0.25615,   0.89203,   0.00949
 293.00000,   2.00000,   6.61000,   0.02449,  32.02524,   1.05703,   0.98132,   0.00301
 294.00000,   2.00000,   7.64000,   0.01806,  81.36749,   2.09242,   0.04341,   0.08187
 295.00000,   2.00000,   6.10000,   0.00975, 131.13577,   1.06195,   0.99013,   0.00074
 296.00000,   2.00000,   4.78000,   0.01209,  37.08084,   0.58291,   0.87152,   0.01461
 297.00000,   2.00000,   7.31000,   0.00820,  15.98429,   0.40019,   0.91169,   0.00686
 298.00000,   2.00000,   8.52000,   0.00909,  29.31763,   0.96969,   0.78202,   0.02660
 299.00000,   2.00000,   6.25000,   0.01176,  24.94483,   0.91762,   0.86757,   0.00688
 300.00000,   3.00000,  15.93000,   0.04819,  21.49934,   0.96482,   0.90779,   0.01361
 301.00000,   3.00000,  17.45000,   0.09239,   5.74676,   0.60902,   0.43572,   0.36495
 302.00000,   3.00000,  16.61000,   0.07965,   7.66153,   0.68188,   0.51758,   0.10266
 303.00000,   3.00000,  17.26000,   0.12791,  12.88838,   0.79773,   0.73429,   0.15040
 304.00000,   3.00000,  17.24000,   0.01235,  12.41048,   0.83237,   0.70596,   0.06284
 305.00000,   3.00000,  15.07000,   0.20388,   5.28206,   0.55651,   0.82741,   0.01360
 306.00000,   3.00000,  15.34000,   0.07161,  31.05059,   1.35735,   0.69218,   0.15317
 307.00000,   3.00000,  16.17000,   0.00775,  28.28344,   0.85361,   0.76050,   0.03657
 308.00000,   3.00000,  12.26000,   0.00862,  12.35908,   0.55680,   0.96865,   0.01322
 309.00000,   3.00000,  14.12000,   0.01529,   7.88133,   0.59940,   0.65688,   0.26191
 310.00000,   3.00000,  16.57000,   0.02217,  13.89855,   0.59434,   0.42078,   0.05465
 311.00000,   3.00000,  13.73000,   0.08000,   4.55991,   0.33306,   0.75389,   0.00710
 312.00000,   3.00000,  17.11000,   0.23016,   9.12748,   0.68274,   0.86797,   0.04348
 313.00000,   3.00000,  10.98000,   0.02967,  19.56774,   0.77630,   0.95602,   0.01051
 314.00000,   3.00000,  14.59000,   0.08491,   1.31511,   0.29994,   0.98297,   0.01450
 315.00000,   3.00000,  12.33000,   0.13393,   0.89157,   0.24912,   0.98930,   0.00741
 316.00000,   3.00000,  14.97000,   0.09150,  20.44448,   0.82950,   0.73739,   0.01481
 317.00000,   3.00000,  12.63000,   0.04484,  18.66195,   0.82147,   0.60421,   0.03440
 318.00000,   3.00000,  17.51000,   0.19394,   4.19463,   0.28807,   0.65794,   0.00789
 319.00000,   3.00000,  14.79000,   0.10497,  65.30755,   0.83698,   0.55827,   0.05411
 320.00000,   3.00000,  17.20000,   0.06040,   2.34860,   0.39597,   0.93618,   0.01501
 321.00000,   3.00000,  16.26000,   0.03731,  12.72483,   0.55190,   0.54691,   0.00893
 322.00000,   3.00000,  18.30000,   0.14211,  10.98156,   0.85600,   0.33768,   0.43345
 323.00000,   3.00000,  17.04000,   0.19802,   8.25370,   0.69152,   0.86073,   0.04495
 324.00000,   3.00000,  19.47000,   0.14433,   3.05195,   0.39174,   0.48457,   0.06025
 325.00000,   3.00000,  14.95000,   0.09630,  12.48243,   0.68244,   0.94647,   0.02653
 326.00000,   3.00000,  15.31000,   0.14615,  15.97723,   0.88933,   0.87078,   0.10888
 327.00000,   3.00000,  20.16000,   0.07534,  23.65915,   1.01670,   0.41601,   0.04639
 328.00000,   3.00000,  15.24000,   0.19672,   5.25188,   0.53946,   0.65575,   0.04095
 329.00000,   3.00000,  18.24000,   0.02105,   4.43152,   0.51177,   0.81040,   0.01608
 330.00000,   3.00000,  17.00000,   0.04419,  26.47460,   0.96415,   0.45095,   0.04261
 331.00000,   3.00000,  12.90000,   0.30769,   1.24115,   0.29268,   0.98063,   0.01299
 332.00000,   3.00000,  15.09000,   0.06912,   8.58136,   0.55170,   0.68225,   0.01235
 333.00000,   3.00000,  14.69000,   0.05650,  37.25322,   1.15116,   0.95434,   0.03491
 334.00000,   3.00000,  16.79000,   0.14179,   5.55895,   0.51723,   0.83757,   0.02682
 335.00000,   3.00000,  16.36000,   0.06557,  27.73966,   1.04137,   0.68057,   0.05510
 336.00000,   3.00000,  16.21000,   0.07018,   1.33685,   0.23435,   0.98697,   0.00388
 337.00000,   3.00000,  24.90000,   0.09756,   2.13867,   0.36619,   0.94440,   0.01707
 338.00000,   3.00000,  18.02000,   0.05983,  11.75501,   0.81995,   0.92644,   0.03706
 339.00000,   3.00000,  14.85000,   0.08125,  38.51441,   0.86510,   0.60899,   0.07888
 340.00000,   3.00000,  17.03000,   0.16102,   1.93896,   0.35884,   0.89647,   0.03721
 341.00000,   3.00000,  17.74000,   0.13918,   2.60136,   0.38590,   0.78109,   0.03948
 342.00000,   3.00000,  15.05000,   0.10769,   7.01416,   0.69309,   0.90856,   0.04907
 343.00000,   3.00000,  14.78000,   0.09714,   4.95796,   0.42237,   0.64479,   0.01419
 344.00000,   3.00000,  17.74000,   0.10135,   3.57770,   0.36923,   0.71908,   0.02710
 345.00000,   3.00000,  16.52000,   0.01515,  28.05180,   1.10203,   0.26034,   0.07403
 346.00000,   3.00000,  18.76000,   0.10303,   9.13310,   0.55132,   0.40530,   0.19131
 347.00000,   3.00000,  14.40000,   0.04062,  13.85153,   0.55254,   0.57842,   0.01323
 348.00000,   3.00000,  14.97000,   0.11667,   1.24483,   0.19961,   0.95040,   0.00329
 349.00000,   3.00000,  11.08000,   0.08527,   2.25083,   0.33636,   0.39594,   0.05191
 350.00000,   3.00000,  14.02000,   0.08871,   4.49370,   0.32988,   0.70238,   0.00717
 351.00000,   3.00000,  13.08000,   0.02284,  15.09145,   0.55250,   0.70661,   0.00540
 352.00000,   3.00000,  15.84000,   0.03900,  19.78627,   0.80751,   0.71273,   0.01684
 353.00000,   3.00000,  19.07000,   0.07759,   2.91036,   0.41377,   0.59518,   0.06067
 354.00000,   3.00000,  11.06000,   0.01724,  12.91467,   0.59085,   0.98873,   0.00093
 355.00000,   3.00000,  19.41000,   0.06158,  16.70786,   0.68777,   0.59615,   0.03147
 356.00000,   3.00000,  15.11000,   0.12162,  19.50643,   0.98882,   0.89395,   0.08080
 357.00000,   3.00000,  16.08000,   0.17094,   0.96010,   0.26453,   0.98670,   0.01050
 358.00000,   3.00000,  16.95000,   0.09091,   4.15161,   0.52760,   0.30821,   0.05975
 359.00000,   3.00000,  16.01000,   0.05247,  16.90011,   1.01337,   0.57309,   0.23889
 360.00000,   3.00000,  16.56000,   0.03791,  24.11346,   0.98259,   0.90782,   0.06756
 361.00000,   3.00000,  11.01000,   0.01216,  20.85085,   1.05329,   0.28409,   0.40619
 362.00000,   3.00000,  17.44000,   0.04633,  33.61299,   0.88821,   0.42156,   0.07417
 363.00000,   3.00000,  15.17000,   0.19492,   5.27718,   0.52850,   0.97875,   0.00808
 364.00000,   3.00000,  17.02000,   0.03160,  17.85618,   0.61038,   0.65484,   0.01335
 365.00000,   3.00000,  17.33000,   0.01299,   3.45995,   0.47349,   0.92595,   0.02497
 366.00000,   3.00000,  11.14000,   0.07258,   5.18186,   0.37829,   0.75458,   0.00749
 367.00000,   3.00000,  12.02000,   0.04950,   3.53321,   0.41048,   0.77464,   0.14448
 368.00000,   3.00000,  17.28000,   0.06593,  22.31072,   0.97900,   0.84670,   0.11703
 369.00000,   3.00000,  16.43000,   0.15672,   1.80180,   0.33179,   0.80934,   0.04590
 370.00000,   3.00000,  16.93000,   0.11628,  11.72023,   0.88468,   0.67308,   0.18661
 371.00000,   3.00000,  22.90000,   0.07748,  32.00183,   0.90015,   0.49722,   0.35575
 372.00000,   3.00000,  20.67000,   0.06122,   8.87296,   0.70843,   0.74475,   0.14723
 373.00000,   3.00000,  19.43000,   0.07143,   6.02071,   0.61453,   0.04947,   0.84094
 374.00000,   3.00000,  17.28000,   0.12230,   6.42568,   0.44423,   0.87048,   0.02649
 375.00000,   3.00000,  16.45000,   0.10695,  12.68597,   0.92628,   0.44358,   0.26414
 376.00000,   3.00000,  18.76000,   0.09317,  20.40446,   0.86167,   0.59974,   0.04186
 377.00000,   3.00000,  24.87000,   0.11475,   6.48375,   0.62757,   0.44431,   0.44698
 378.00000,   3.00000,  13.62000,   0.12775,   6.50806,   0.65348,   0.65844,   0.23276
 379.00000,   3.00000,  20.68000,   0.01923,   7.95718,   0.66445,   0.60415,   0.20287
 380.00000,   3.00000,  16.28000,   0.13918,   7.16571,   0.68468,   0.68974,   0.21407
 381.00000,   3.00000,  17.30000,   0.02312,   8.20783,   0.70580,   0.46241,   0.47428
 382.00000,   3.00000,  14.04000,   0.03448,  26.11848,   0.96192,   0.80832,   0.10663
 383.00000,   3.00000,  19.16000,   0.16667,   6.82126,   0.66314,   0.38943,   0.24675
 384.00000,   3.00000,  22.35000,   0.08333,  10.87029,   0.84979,   0.58504,   0.24079
 385.00000,   3.00000,  18.69000,   0.08811,  11.95203,   0.87692,   0.43526,   0.41525
 386.00000,   3.00000,  17.22000,   0.18421,   7.03686,   0.67942,   0.46472,   0.22136
 387.00000,   3.00000,  25.83000,   0.04245,  12.04858,   0.84920,   0.48733,   0.43634
 388.00000,   3.00000,  16.42000,   0.11043,   9.85497,   0.74740,   0.41361,   0.47246
 389.00000,   3.00000,  16.33000,   0.05752,  11.45202,   0.86894,   0.72714,   0.24339
 390.00000,   3.00000,  16.42000,   0.15421,   9.27687,   0.80553,   0.70608,   0.19316
 391.00000,   3.00000,  14.85000,   0.05820,  47.26087,   1.59008,   0.49527,   0.19618
 392.00000,   3.00000,  18.64000,   0.12644,   4.68965,   0.54049,   0.51692,   0.18862
 393.00000,   3.00000,  15.27000,   0.10714,   8.60983,   0.72464,   0.29687,   0.30835
 394.00000,   3.00000,  15.19000,   0.06667,   9.43796,   0.71643,   0.45533,   0.24460
 395.00000,   3.00000,  17.26000,   0.02649,   7.41888,   0.66314,   0.85893,   0.06659
 396.00000,   3.00000,   9.01000,   0.03636,   2.06880,   0.34302,   0.57829,   0.04252
 397.00000,   3.00000,  13.75000,   0.23423,  10.94899,   0.73219,   0.59104,   0.08112
 398.00000,   3.00000,  20.84000,   0.04321,  27.39697,   1.12680,   0.43964,   0.46681
 399.00000,   3.00000,  13.88000,   0.04977,  19.62891,   1.02457,   0.89576,   0.02210
 400.00000,   4.00000,  13.09000,   0.02088,   4.82895,   0.60393,   0.56587,   0.29735
 401.00000,   4.00000,  12.59000,   0.01161,  52.18308,   1.95940,   0.46244,   0.47877
 402.00000,   4.00000,   9.87000,   0.05618,   4.84251,   0.59612,   0.24105,   0.55219
 403.00000,   4.00000,  11.31000,   0.02048,  13.73674,   1.00375,   0.32208,   0.22929
 404.00000,   4.00000,  13.75000,   0.00274,  87.33505,   2.49266,   0.58313,   0.35734
 405.00000,   4.00000,  10.10000,   0.01990,   9.07255,   0.79639,   0.24478,   0.34292
 406.00000,   4.00000,   7.30000,   0.01267,  19.14503,   1.18474,   0.33926,   0.37495
 407.00000,   4.00000,  22.06000,   0.00045, 113.85190,   2.73520,   0.68012,   0.21970
 408.00000,   4.00000,  25.85000,   0.00382,  39.79266,   1.73993,   0.34845,   0.21082
 409.00000,   4.00000,  12.18000,   0.00603,  34.02673,   1.61180,   0.58828,   0.38955
 410.00000,   4.00000,   9.63000,   0.00450,  65.28359,   2.15661,   0.35846,   0.35130
 411.00000,   4.00000,  17.09000,   0.00078, 114.02902,   2.96941,   0.45634,   0.30325
 412.00000,   4.00000,  10.74000,   0.03352,   8.25258,   0.76448,   0.42065,   0.49128
 413.00000,   4.00000,  16.80000,   0.01015,  37.63683,   1.66718,   0.35404,   0.48341
 414.00000,   4.00000,  10.68000,   0.00778,  23.16366,   1.33008,   0.41065,   0.41852
 415.00000,   4.00000,  11.63000,   0.01311,  17.26276,   1.14103,   0.48352,   0.17382
 416.00000,   4.00000,  20.28000,   0.00354,  80.86115,   2.46944,   0.60042,   0.27533
 417.00000,   4.00000,  17.75000,   0.00470,  48.03606,   1.86879,   0.20446,   0.66807
 418.00000,   4.00000,  10.02000,   0.03101,   3.13423,   0.41602,   0.91678,   0.07773
 419.00000,   4.00000,  26.28000,   0.01209,  47.64983,   1.87450,   0.23554,   0.44433
 420.00000,   4.00000,   9.84000,   0.01379,  21.26250,   1.23214,   0.12091,   0.43924
 421.00000,   4.00000,  20.69000,   0.00590,  58.40570,   2.11289,   0.10427,   0.21938
 422.00000,   4.00000,  13.47000,   0.00307,  73.99178,   2.34392,   0.63522,   0.19125
 423.00000,   4.00000,  17.98000,   0.00537,  43.25525,   1.78532,   0.15450,   0.40258
 424.00000,   4.00000,  13.78000,   0.02744,  11.72490,   0.94322,   0.22489,   0.50278
 425.00000,   4.00000,  10.73000,   0.02062,  12.77468,   0.98031,   0.69452,   0.18817
 426.00000,   4.00000,  12.64000,   0.06291,   5.38601,   0.61444,   0.67149,   0.28371
 427.00000,   4.00000,  13.72000,   0.00203,  66.86897,   2.04517,   0.43631,   0.30959
 428.00000,   4.00000,   9.40000,   0.01600,   5.11934,   0.61734,   0.42077,   0.44042
 429.00000,   4.00000,  22.63000,   0.00165, 133.01813,   3.11985,   0.68036,   0.12460
 430.00000,   4.00000,  19.82000,   0.00190,  63.41431,   2.20124,   0.34363,   0.24245
 431.00000,   4.00000,  11.89000,   0.01828,  10.25534,   0.84300,   0.17785,   0.34285
 432.00000,   4.00000,  26.66000,   0.00254,  71.55556,   2.08230,   0.59991,   0.17294
 433.00000,   4.00000,  23.56000,   0.00084,  41.70085,   1.78221,   0.42244,   0.17603
 434.00000,   4.00000,  16.44000,   0.01134,  38.10373,   1.68331,   0.06905,   0.56178
 435.00000,   4.00000,  14.07000,   0.01076,  39.50002,   1.72242,   0.78542,   0.12377
 436.00000,   4.00000,  11.61000,   0.00653,  38.64793,   1.70599,   0.39579,   0.18370
 437.00000,   4.00000,  11.61000,   0.00663,  55.68974,   1.99918,   0.62151,   0.25912
 438.00000,   4.00000,  10.03000,   0.01362,  10.48421,   0.87018,   0.65888,   0.23635
 439.00000,   4.00000,  13.82000,   0.00504,  51.78699,   1.97932,   0.47824,   0.31682
 440.00000,   4.00000,  19.73000,   0.00136,  91.40171,   2.62205,   0.26036,   0.38899
 441.00000,   4.00000,  12.25000,   0.00354,  83.48955,   2.45300,   0.54203,   0.39189
 442.00000,   4.00000,  17.21000,   0.00203,  80.65845,   2.25449,   0.62572,   0.31182
 443.00000,   4.00000,  14.98000,   0.00156, 153.46336,   3.39406,   0.46120,   0.27943
 444.00000,   4.00000,  35.63000,   0.00049, 101.43115,   2.67680,   0.39155,   0.23254
 445.00000,   4.00000,  11.07000,   0.03012,  11.98899,   0.93114,   0.26886,   0.44672
 446.00000,   4.00000,  16.67000,   0.00299,  77.44486,   2.42647,   0.22445,   0.39215
 447.00000,   4.00000,  10.32000,   0.02625,   6.73966,   0.70075,   0.24339,   0.61650
 448.00000,   4.00000,  10.96000,   0.00466,  20.29643,   1.23682,   0.39349,   0.31132
 449.00000,   4.00000,  11.30000,   0.00528,  62.62844,   2.17152,   0.47454,   0.29385
 450.00000,   4.00000,  16.62000,   0.00545,  58.89845,   2.09396,   0.49762,   0.32892
 451.00000,   4.00000,  22.53000,   0.00292,  87.06140,   2.56150,   0.56204,   0.31148
 452.00000,   4.00000,  10.79000,   0.01920,  13.08065,   0.99926,   0.35451,   0.29554
 453.00000,   4.00000,  14.89000,   0.00813,  65.08335,   2.12956,   0.38903,   0.35994
 454.00000,   4.00000,   9.84000,   0.04178,   7.72516,   0.75637,   0.07670,   0.82144
 455.00000,   4.00000,  10.69000,   0.02236,  10.58436,   0.88311,   0.45921,   0.28768
 456.00000,   4.00000,  14.14000,   0.00957,  21.31153,   1.27405,   0.07112,   0.57325
 457.00000,   4.00000,   8.81000,   0.02692,   7.04315,   0.65781,   0.58498,   0.28474
 458.00000,   4.00000,  12.48000,   0.01733,   9.85676,   0.86317,   0.42955,   0.36428
 459.00000,   4.00000,   8.16000,   0.01042,  21.40785,   1.27381,   0.06791,   0.24020
 460.00000,   4.00000,  18.36000,   0.00370,  48.60604,   1.90237,   0.23248,   0.45639
 461.00000,   4.00000,  10.72000,   0.02462,   9.53255,   0.84156,   0.36122,   0.21371
 462.00000,   4.00000,   9.93000,   0.03778,   9.76083,   0.85437,   0.29439,   0.47955
 463.00000,   4.00000,  14.10000,   0.02006,   9.85470,   0.86252,   0.50386,   0.46394
 464.00000,   4.00000,  29.00000,   0.00150,  99.28565,   2.72960,   0.24139,   0.48026
 465.00000,   4.00000,  14.41000,   0.00737,  16.36899,   1.04041,   0.19871,   0.44527
 466.00000,   4.00000,  15.90000,   0.00981,  43.17815,   1.81023,   0.50905,   0.21879
 467.00000,   4.00000,  28.65000,   0.00802,  47.69361,   1.88683,   0.09256,   0.70621
 468.00000,   4.00000,  13.61000,   0.01923,   9.79159,   0.82000,   0.02434,   0.45736
 469.00000,   4.00000,  16.52000,   0.00043,  86.62818,   2.55434,   0.54509,   0.21896
 470.00000,   4.00000,  17.58000,   0.00356, 138.29095,   3.15711,   0.23170,   0.24208
 471.00000,   4.00000,  18.95000,   0.00196,  60.47213,   2.14101,   0.46539,   0.41260
 472.00000,   4.00000,   8.19000,   0.00687,  44.23292,   1.82446,   0.24788,   0.16212
 473.00000,   4.00000,  13.75000,   0.01517,  15.60874,   1.10055,   0.51093,   0.46210
 474.00000,   4.00000,  18.93000,   0.00208,  63.17095,   2.17373,   0.44915,   0.34014
 475.00000,   4.00000,  10.82000,   0.00612,  60.41482,   2.10500,   0.48742,   0.36549
 476.00000,   4.00000,  15.39000,   0.00826,  51.31833,   1.95711,   0.38808,   0.57078
 477.00000,   4.00000,  14.88000,   0.00570,  45.30144,   1.83594,   0.51799,   0.29942
 478.00000,   4.00000,   8.70000,   0.00732,  41.39786,   1.76323,   0.45949,   0.16026
 479.00000,   4.00000,  18.10000,   0.01540,  18.92443,   1.01280,   0.40562,   0.11417
 480.00000,   4.00000,  11.80000,   0.02485,  24.34422,   1.34392,   0.35592,   0.51327
 481.00000,   4.00000,  27.58000,   0.00264,  97.80697,   2.70976,   0.55746,   0.26757
 482.00000,   4.00000,  21.18000,   0.00066, 104.98669,   2.78773,   0.24874,   0.48281
 483.00000,   4.00000,   7.39000,   0.00319,  41.97054,   1.80447,   0.44576,   0.28630
 484.00000,   4.00000,  16.10000,   0.00372,  61.91587,   2.17175,   0.03779,   0.46580
 485.00000,   4.00000,  13.01000,   0.01410,  11.77146,   0.93381,   0.06872,   0.33439
 486.00000,   4.00000,  18.53000,   0.00251,  71.64785,   2.28425,   0.47766,   0.41245
 487.00000,   4.00000,   9.86000,   0.06803,   2.56425,   0.43149,   0.55243,   0.28765
 488.00000,   4.00000,  18.70000,   0.00310, 136.42377,   3.23302,   0.62234,   0.20185
 489.00000,   4.00000,  11.46000,   0.00445,  54.59575,   2.03219,   0.35187,   0.10041
 490.00000,   4.00000,  11.84000,   0.02988,  12.31311,   0.92402,   0.26014,   0.42511
 491.00000,   4.00000,  23.34000,   0.00073,  76.27849,   2.41713,   0.14205,   0.56400
 492.00000,   4.00000,  15.83000,   0.00495,  58.10167,   2.05419,   0.40693,   0.36566
 493.00000,   4.00000,  11.86000,   0.00617,  50.42289,   1.94393,   0.26080,   0.54188
 494.00000,   4.00000,   7.60000,   0.01223,  23.46857,   1.32976,   0.32482,   0.51084
 495.00000,   4.00000,  11.54000,   0.00475,  31.93929,   1.55992,   0.48119,   0.24610
 496.00000,   4.00000,  15.17000,   0.00224,  82.13650,   2.49801,   0.45529,   0.21816
 497.00000,   4.00000,  11.11000,   0.01198,  27.14062,   1.38493,   0.24473,   0.19352
 498.00000,   4.00000,  18.91000,   0.01156,  30.48559,   1.28314,   0.48365,   0.19674
 499.00000,   4.00000,  11.90000,   0.00530,  35.51073,   1.63761,   0.42163,   0.15385
